$coord
         -2.203223979043         -0.557977705634         -0.000135367706     c 
         -1.365400891369          1.829628453973          0.000017712946     c 
          1.370945319350          1.825606596156          0.000043391487     c 
          2.201488948153         -0.564581164558         -0.000032941347     c 
         -0.003521511669         -2.324988528057          0.000104123500     c 
         -4.131824355408         -1.193565070631         -0.000162737741     h 
         -2.494625609756          3.519576575894          0.000525926772     h 
          2.505433970280          3.511905194474         -0.000303047436     h 
          4.128053163516         -1.206056363436         -0.000232561792     h 
         -0.005008983939         -3.553396441692         -1.658696855779     h 
         -0.005458874019         -3.553447907623          1.658905993217     h 
$end
