           1           2   1.8202889141008041     
           2           3   1.1345524726545195     
           1           4  0.12795563730145196     
           3           4   1.8202727210986156     
           1           5   1.0334815160987478     
           4           5   1.0335154101849953     
           1           6  0.97429332450078066     
           2           7  0.97210391900052961     
           3           8  0.97210748209048858     
           4           9  0.97428730301146793     
           5          10  0.93658468841961484     
           5          11  0.93647974239151166     
