Bi     0
S   1   1.00
      0.5744000              1.0000000
S   1   1.00
      0.3851000              1.0000000
S   1   1.00
      0.1050000              1.0000000
P   1   1.00
      0.9105000              1.0000000
P   1   1.00
      0.2194000              1.0000000
P   1   1.00
      0.0745000              1.0000000
P   1   1.00
      0.0204                 1.0
D   1   1.00
      0.1920                 1.0
****

BI     0
BI-ECP     4     78
g potential
  6
0    223.3091971             -0.1833520
1     86.4699216            -53.3389492
2     26.8492203           -201.9117841
2      9.3823622            -76.3115295
2      2.7614708            -24.2578468
2      0.9423923             -4.0319700
s-g potential
  6
0    155.9783914              2.7916510
1     54.4591139             71.8553817
2     20.1794558            252.4327444
2      6.1273104             89.6045109
2      1.1805983             61.1744136
2      0.9932464            -33.0471906
p-g potential
  6
0     74.5091386              4.8462914
1     28.0487647             65.6883396
2     12.0168508            166.2619673
2      3.6914327             54.1393329
2      0.9080824             28.6204880
2      0.7394617            -12.3452204
d-g potential
  6
0     68.0856679              3.2183832
1     23.7250355             54.8952681
2      9.2437053            116.5540708
2      1.8452292             69.0760662
2      1.2209859            -72.6410870
2      0.8740861             38.9400055
f-g potential
  6
0    134.3538983              3.9864075
1     51.5812797             63.0262078
2     54.9307284             92.5259959
2     17.0475346            240.9973672
2      3.7702824             62.1844577
2      0.7670500             -1.7251134