$coord
         -0.525081615553          1.460493665002         -1.646950317952     c 
          2.006327015271          2.108545292542         -0.314799847427     c 
          1.790343605100          1.253495081956          2.389052775605     c 
          1.790486122940         -1.253534301733          2.388982083036     c 
          2.006810057003         -2.108370094752         -0.314958755805     c 
          3.689723622110          0.000319811160         -1.377046765974     c 
         -0.524778181879         -1.460758721391         -1.646979416897     c 
         -2.943665819644         -2.293540598111         -0.292671971033     c 
         -3.843108345197         -0.000077342906          1.224609433312     c 
         -2.943967542737          2.293397836281         -0.292731500046     c 
         -0.467393829234          2.229576335712         -3.561397533239     h 
          2.626893855010          4.047908643114         -0.599628738601     h 
          1.573813455448          2.511428316276          3.969802417795     h 
          1.574136863147         -2.511712833818          3.969550878074     h 
          2.627728180355         -4.047618923774         -0.599814712201     h 
          5.580846477238          0.000647754957         -0.563029465042     h 
          3.819503582798          0.000490389729         -3.431361222911     h 
         -0.467030792092         -2.229812112499         -3.561437862825     h 
         -4.371420823137         -2.800366088495         -1.692655327839     h 
         -2.623310517528         -3.934647710121          0.908319209503     h 
         -5.889373362708         -0.000088582240          1.463762822480     h 
         -2.983936092595          0.000037811514          3.094273723497     h 
         -2.623985697902          3.934704882052          0.908115636885     h 
         -4.371709900941          2.799802138877         -1.692881772943     h 
$end
