           1           2  0.95877591707355125     
           2           3   1.0178147822791010     
           3           4   1.9143264075549902     
           4           5   1.0180362954454689     
           2           6  0.98984037049970319     
           5           6  0.98980210773367605     
           1           7  0.98759030440080053     
           5           7  0.95855620682983478     
           7           8  0.99895385115755742     
           8           9   1.0080217676179668     
           1          10  0.99873047417490235     
           9          10   1.0079928287954083     
           1          11  0.97797467180061648     
           2          12  0.97601877721473018     
           3          13  0.97302738430919278     
           4          14  0.97298959104590776     
           5          15  0.97599168381409840     
           6          16  0.97396267293317962     
           6          17  0.97659901673981031     
           7          18  0.97789013503293076     
           8          19  0.97878845506854206     
           8          20  0.97637394059914062     
           9          21  0.97978044375745643     
           9          22  0.97663604111807134     
          10          23  0.97640450705743165     
          10          24  0.97890722564995480     
