$coord
         -2.684634528907          2.176541376907          0.145828342464     c 
         -2.135402154107          1.342072963053         -2.219640279903     c 
         -2.135918978658         -1.343679765815         -2.218527416701     c 
         -2.685453884221         -2.175970850281          0.147628278840     c 
         -3.689897560051          0.001087503474          1.645770704499     c 
          1.286546205692         -1.274232021594          1.929307018399     c 
          1.286693752471          1.274689914318          1.928897075236     c 
          3.172456272954          2.303777188023          0.069575813774     c 
          3.890643143644         -0.000295253601         -1.540800239989     c 
          3.171993799377         -2.304046957142          0.069981097440     c 
         -2.938741479950          4.116169282120          0.700751009209     h 
         -1.593497413907          2.493540630617         -3.805229720387     h 
         -1.594540987851         -2.496731864464         -3.803144154578     h 
         -2.940360702212         -4.115026344464          0.704141210821     h 
         -3.245925427726          0.001786962290          3.648847916283     h 
         -5.756668512756          0.001363977561          1.471892492310     h 
          0.561559763531         -2.465196773179          3.408077376748     h 
          0.561738043489          2.466205847750          3.407240082454     h 
          2.436802969371          3.857396609424         -1.064649009303     h 
          4.812432673300          3.017764134287          1.111640029081     h 
          5.886367089719         -0.000454373250         -2.044669595222     h 
          2.795491796627         -0.000184220296         -3.282540805901     h 
          4.811894289244         -3.018464212146          1.111975369265     h 
          2.435653370841         -3.857503472261         -1.064067246965     h 
$end
