           1           2   1.6638389395711279     
           2           3   1.2463913440473562     
           1           4  0.13454762321858504     
           3           4   1.6639218642745859     
           1           5   1.0284556772972955     
           4           5   1.0284154654601401     
           4           6  0.13345469827618944     
           1           7  0.13349325010107777     
           6           7   1.7587995556664184     
           7           8   1.0166872935412237     
           8           9   1.0055288566638003     
           6          10   1.0167041728035040     
           9          10   1.0055258810785124     
           1          11  0.97605348844035777     
           2          12  0.97272074418754995     
           3          13  0.97271828465439858     
           4          14  0.97607397980840127     
           5          15  0.95704231691580199     
           5          16  0.92275441135238168     
           6          17  0.97336036943748139     
           7          18  0.97337290027468892     
           8          19  0.96619778820129276     
           8          20  0.97002386528114459     
           9          21  0.97961235249870693     
           9          22  0.98121237033732189     
          10          23  0.97000785706744208     
          10          24  0.96621943183646242     
