$coord
         -1.192355944390         -1.456470491941          1.380568770289     c 
         -1.192568915370          1.456803873250          1.380108259760     c 
          1.502933219396          2.117820450190          0.460418306530     c 
          1.730020307757          1.253000074311         -2.243182934763     c 
          1.730287904290         -1.253807270925         -2.242655122022     c 
          1.503301661343         -2.117522538471          0.461309337070     c 
          2.989973496600          0.000565411491          1.783074859081     c 
         -3.378305500310          1.452821374644         -0.537281351993     c 
         -3.378019267111         -1.453234578705         -0.536928963457     c 
         -1.607678820887         -2.389873032897          3.168416438195     h 
         -1.607805594097          2.390703651369          3.167743715600     h 
          2.083463299997          4.053522009248          0.836397328568     h 
          1.800297763935          2.508210849619         -3.839335327820     h 
          1.800839135081         -2.509714476764         -3.838289670642     h 
          2.084208437836         -4.052964589023          0.838186793596     h 
          4.989255221026          0.000674539763          1.294111027188     h 
          2.774975789971          0.000967154945          3.830498786556     h 
         -2.925395457085          2.311762653980         -2.348804035148     h 
         -5.112397758545          2.291635718254          0.182974728739     h 
         -5.111959576639         -2.292313574843          0.183340478960     h 
         -2.924793692754         -2.312328519930         -2.348276942771     h 
$end
