           1           2  0.99267019837868975     
           2           3  0.96393064337662049     
           3           4   1.0161542602999121     
           4           5   1.9180533635734385     
           1           6  0.96389742576504089     
           5           6   1.0161883481106149     
           3           7  0.98744929225676281     
           6           7  0.98740120444329149     
           2           8  0.99683500113817602     
           1           9  0.99683942440322393     
           8           9   1.0127044097051030     
           1          10  0.97844369070428827     
           2          11  0.97842537752663250     
           3          12  0.97564809753919868     
           4          13  0.97256443803309767     
           5          14  0.97254440414782051     
           6          15  0.97566303900022866     
           7          16  0.97410230287776700     
           7          17  0.97612972908030293     
           8          18  0.97444311970890451     
           8          19  0.97998862247050966     
           9          20  0.98000025844962602     
           9          21  0.97439978024035845     
