$coord
         -1.142721976547         -2.105788235312          0.603339467179     c 
         -3.438821303831         -1.253801320946         -0.861623037635     c 
         -3.438897982863          1.253796572055         -0.861517761191     c 
         -1.142679692228          2.105798772792          0.603344946628     c 
         -1.001811860341          0.000005832067          2.581790366411     c 
          1.077879865452         -1.449016595314         -1.143549368710     c 
          1.077884341646          1.449013179435         -1.143564637884     c 
          3.741160960902          1.452430168858          0.029404960809     c 
          3.741117661800         -1.452433409748          0.029537837079     c 
         -1.163167121526         -4.045395201227          1.286470390832     h 
         -4.712887773165         -2.512823365280         -1.818992494327     h 
         -4.713094427548          2.512824996670         -1.818736314573     h 
         -1.163166547238          4.045378704666          1.286589570745     h 
         -2.632910791539          0.000024262375          3.837883924361     h 
          0.716699159765         -0.000004126789          3.703847491654     h 
          0.935426110920         -2.409923183590         -2.959415184070     h 
          0.935369588839          2.409914991618         -2.959436425534     h 
          3.864368159941          2.339375263777          1.880793880847     h 
          5.174089773829          2.282225598087         -1.189932200806     h 
          3.864042297677         -2.339178511001          1.880982536346     h 
          5.174104099086         -2.282478583268         -1.189547250780     h 
$end
