           1           2   1.0099795385266868     
           2           3   1.9202897483419807     
           3           4   1.0099810761070065     
           1           5  0.99200046125538477     
           4           5  0.99199974736314700     
           1           6  0.96799684786496021     
           4           7  0.96799920152967489     
           6           7  0.99129627409951315     
           7           8  0.99364761178090411     
           6           9  0.99364948532087993     
           8           9   1.0132154451357411     
           1          10  0.97358369139645484     
           2          11  0.97198195671516463     
           3          12  0.97198122432091427     
           4          13  0.97358399464736278     
           5          14  0.97400612846746026     
           5          15  0.97193171767128683     
           6          16  0.97661747969234647     
           7          17  0.97661923521895178     
           8          18  0.97635504461026024     
           8          19  0.97957553418129883     
           9          20  0.97635902343276315     
           9          21  0.97957695557338265     
