$coord
          1.476618276655          1.255400050269         -0.000159406115     c 
          1.476520223311         -1.255546919750          0.000176034981     c 
         -1.356804069006         -1.465044352236         -0.000120041044     c 
         -1.356647789615          1.465177404459          0.000141572994     c 
          2.924267388032          2.680743395333         -0.000313157997     h 
          2.924045767587         -2.680961892041          0.000254699926     h 
         -2.176642547704         -2.331408137029          1.676852994985     h 
         -2.175973931294         -2.330673066138         -1.677781441121     h 
         -2.176148706000          2.331291362190         -1.677070734655     h 
         -2.175859359855          2.331172995992          1.677602881894     h 
$end
