           1           2   1.9384931921041062     
           2           3   1.0241029525461154     
           1           4   1.0241245157971457     
           3           4   1.0009694257292583     
           1           5  0.97028153076658574     
           2           6  0.97028305949450244     
           3           7  0.96830260288646697     
           3           8  0.96831570856256721     
           4           9  0.96829277357033205     
           4          10  0.96830873590364230     
