$coord
          1.989041093537         -0.765507143855          1.421872536220     c 
         -0.842132988471         -0.612427513223          2.110046697181     c 
         -1.848927636072          1.911481069697          1.254275168752     c 
         -1.848998106976          1.911032435718         -1.254892342717     c 
         -0.842336899161         -0.613252534124         -2.109781111746     c 
         -1.938148722405         -2.294632722494          0.000470952562     c 
          1.988884426752         -0.766437257708         -1.421490281373     c 
          3.215727338709          1.353165729012         -0.000536524026     c 
          3.135819708514         -2.025332096273          2.544275991728     h 
         -1.259884804753         -1.142567567805          4.050705762349     h 
         -2.351530365826          3.423856442365          2.513912968192     h 
         -2.351689691267          3.422870609943         -2.515100640594     h 
         -1.260363909807         -1.143980157794         -4.050266755442     h 
         -3.997036247542         -2.363630073023          0.000648477197     h 
         -1.176738597185         -4.207359919993          0.000680731417     h 
          3.135161741843         -2.027322696171         -2.543040648069     h 
          2.379316428686          3.210490400521         -0.001124004107     h 
          5.259093505464          1.382172003393         -0.000275923069     h 
$end
