           1           2  0.96500642255923841     
           2           3   1.0155526539878257     
           3           4   1.9151450044658467     
           4           5   1.0155848161983239     
           2           6  0.98512835247019914     
           5           6  0.98510263343081528     
           1           7  0.96430028034055448     
           5           7  0.96498792369501696     
           1           8  0.97965211796379104     
           7           8  0.97969494407051250     
           1           9  0.97762884273176309     
           2          10  0.97629319729141495     
           3          11  0.97237863142511183     
           4          12  0.97237211582989669     
           5          13  0.97629495769935004     
           6          14  0.97413839734631036     
           6          15  0.97600971423657579     
           7          16  0.97762196270569701     
           8          17  0.96968896290426065     
           8          18  0.97871335051382602     
