$coord
          1.247382440562          1.973670523092          0.070557808350     c 
         -1.248556145307          1.972915635497          0.070524946205     c 
         -2.314843691396         -0.641719819661         -0.167486834196     c 
          0.000722081837         -2.359272589151          0.213795177053     c 
          2.315203386966         -0.640351245225         -0.167515195203     c 
          2.454494692456          3.607759187874          0.178455211953     h 
         -2.456636949327          3.606246884789          0.178106379503     h 
         -3.795380703077         -1.005725119982          1.220602078771     h 
         -3.147814791862         -0.892235456112         -2.042949002582     h 
          0.001312895558         -3.955598728524         -1.083697543250     h 
          0.000884945563         -3.104206853711          2.135099127831     h 
          3.795927357284         -1.003530983619          1.220539536023     h 
          3.148308038317         -0.890240156203         -2.043014069247     h 
$end
