           1           2   1.9438809573855307     
           2           3   1.0175723601863487     
           3           4   1.0058625277462989     
           1           5   1.0176263376919710     
           4           5   1.0057833395065219     
           1           6  0.97158280149976251     
           2           7  0.97164358569320919     
           3           8  0.97100900226750642     
           3           9  0.96344307161776521     
           4          10  0.98176055899841985     
           4          11  0.98061638859043121     
           5          12  0.97096643799424021     
           5          13  0.96348587919362894     
