$coord
         -1.646564695157         -0.484781497774         -2.177732002136     c 
         -1.806015097277          1.944786670744         -1.341179766124     c 
         -1.805594696181          1.945290231120          1.340762863648     c 
         -1.645549331987         -0.483962188570          2.178177580222     c 
         -2.149344751692         -2.220070641529          0.000669785008     c 
          2.665662063227         -0.988715739960          1.255297249347     c 
          2.665037584012         -0.988228107895         -1.256016392323     c 
          3.605574486145          1.350806437542         -0.000042398656     c 
         -1.739336805961         -1.088278508209         -4.116884913204     h 
         -1.756863050948          3.614292667657         -2.500206251691     h 
         -1.756093530164          3.615403341423          2.499029592268     h 
         -1.737845228829         -1.086414833077          4.117587641040     h 
         -1.086352278622         -3.977114620139          0.000685005805     h 
         -4.164338247066         -2.710409692569          0.001166025341     h 
          2.803821634558         -2.037525555408          2.959479679636     h 
          2.803980385900         -2.036908786275         -2.960190105306     h 
          5.611533145442          1.788899466143         -0.000588107102     h 
          2.413316582811          3.022800700485          0.000673160625     h 
$end
