           1           2   1.6523466133488562     
           2           3   1.2456543045577397     
           1           4  0.12237398233546126     
           3           4   1.6523486488679158     
           1           5   1.0259985811438477     
           4           5   1.0259991481300539     
           4           6  0.15865243039952864     
           1           7  0.15865355435234091     
           6           7   1.7684806521174972     
           6           8  0.97114877666697852     
           7           8  0.97115060612659998     
           1           9  0.97642968498063698     
           2          10  0.97299627533568234     
           3          11  0.97299622522385676     
           4          12  0.97642959062027568     
           5          13  0.96157117661852076     
           5          14  0.92691121843445190     
           6          15  0.96924606981323091     
           7          16  0.96924653390173621     
           8          17  0.97032812526207224     
           8          18  0.95757905069623817     
